$SPEC_ID:
No sample description was entered.
$SPEC_REM:
DET# 1
DETDESC# LAB4D1 Easy-MCA-2k SN 14311467
AP# Maestro Version 7.01
$DATE_MEA:
11/20/2024 09:15:58
$MEAS_TIM:
150 158
$DATA:
0 2047
       0
       0
       0
       0
       0
       0
       0
       0
       0
       0
       0
       0
       0
       0
       0
       0
       0
       0
       0
       0
   13778
   21703
   15495
   11176
    8144
    6099
    4599
    3844
    3317
    3013
    2662
    2667
    2628
    2550
    2594
    2526
    2665
    2627
    2573
    2624
    2763
    2741
    2746
    2704
    2646
    2658
    2706
    2576
    2639
    2577
    2530
    2537
    2503
    2364
    2356
    2284
    2263
    2138
    2126
    2051
    1977
    1956
    1891
    1793
    1688
    1571
    1540
    1394
    1314
    1237
    1112
    1036
     988
     857
     856
     703
     632
     618
     493
     487
     447
     406
     371
     362
     332
     339
     350
     368
     344
     456
     455
     541
     546
     617
     697
     727
     826
     809
     881
     902
     922
     899
     905
     892
     838
     840
     767
     668
     630
     605
     538
     526
     475
     382
     353
     331
     317
     294
     257
     225
     212
     226
     186
     190
     193
     198
     192
     181
     172
     166
     188
     203
     214
     206
     188
     215
     215
     248
     211
     217
     216
     211
     184
     201
     195
     173
     161
     162
     134
     121
     125
     106
     113
      89
     102
     107
      77
     103
      71
      76
      97
      70
      75
      51
      64
      65
      65
      68
      65
      55
      60
      61
      45
      46
      61
      41
      55
      72
      53
      54
      54
      66
      45
      41
      45
      67
      55
      48
      45
      44
      47
      51
      41
      51
      59
      47
      50
      40
      51
      39
      54
      52
      45
      36
      35
      39
      48
      41
      54
      42
      56
      35
      42
      42
      43
      50
      50
      47
      43
      45
      49
      55
      52
      37
      42
      36
      37
      40
      49
      51
      42
      37
      39
      46
      49
      38
      35
      48
      50
      36
      42
      43
      56
      43
      55
      34
      57
      37
      48
      51
      44
      54
      51
      54
      52
      54
      58
      53
      45
      51
      53
      45
      50
      47
      53
      42
      69
      56
      49
      54
      61
      76
      66
      53
      60
      73
      79
      74
      93
      83
      90
      69
      70
      95
      74
      91
      82
      76
      85
     108
      94
      96
      91
      89
     101
      92
     101
      89
     114
     111
     102
     113
     131
      95
     117
     101
     121
     113
     115
     131
     140
     150
     159
     162
     157
     184
     170
     197
     227
     247
     286
     346
     378
     447
     492
     565
     676
     776
     942
    1127
    1368
    1627
    1836
    2179
    2588
    3082
    3437
    3824
    4446
    4752
    5355
    5706
    5864
    6280
    6348
    6316
    6196
    6243
    5554
    5274
    4846
    4423
    3790
    3223
    2855
    2308
    1898
    1522
    1215
     995
     697
     552
     391
     305
     228
     139
      96
      98
      66
      51
      47
      39
      30
      23
      34
      31
      32
      18
      26
      27
      24
      24
      17
      27
      29
      22
      14
      21
      25
      26
      15
      22
      11
      20
       9
      18
      10
       8
      13
      16
       9
       9
      11
      10
       9
      14
      14
       7
       9
      11
      10
       6
       8
       5
      11
      10
       3
       4
      10
       7
       8
       8
       5
       9
       2
       8
       5
       6
       4
       4
       5
       2
       5
       6
       6
       5
       5
       4
       4
       7
       3
       4
       3
       5
      10
       6
       4
       7
       5
       6
       7
       9
       5
       5
       8
       4
       2
       4
       7
       3
       3
       7
       2
       6
       5
       6
       5
       7
       4
       1
       2
       2
       4
       3
       6
       8
       3
       4
       5
       4
       4
       5
       2
       3
       2
       3
       7
       0
       3
       4
       4
       5
       5
       3
       1
       2
       4
       5
       7
       2
       6
       2
       2
       3
       3
       3
       5
       0
       1
       1
       5
       4
       1
       5
       2
       4
       2
       5
       2
       2
       6
       4
       4
       3
       2
       2
       5
       1
       4
       3
       5
       3
       0
       2
       5
       2
       2
       5
       2
       2
       2
       1
       4
       5
       2
       2
       3
       3
       3
       2
       5
       1
       0
       5
       5
       5
       3
       2
       2
       2
       3
       4
       4
       4
       1
       6
       5
       2
       4
       5
       1
       5
       1
       5
       5
       4
       2
       7
       5
       3
       4
       6
       5
       6
       3
       3
       3
       6
       3
       4
       3
       1
       4
       6
       6
       2
       7
       5
       6
       4
       2
       4
       2
       3
       6
       5
       5
       3
       8
       3
       0
       3
       3
       4
       3
       2
       5
       5
       2
       3
       3
       3
       7
       8
       4
       1
       6
       4
       1
       1
       6
       0
       1
       3
       4
       6
       5
       2
       2
       2
       5
       4
       1
       0
       2
       3
       4
       2
       4
       4
       3
       7
       6
       1
       0
       3
       3
       3
       4
       3
       4
       2
       5
       3
       8
       2
       6
       5
       5
       3
       3
       4
       5
      11
       5
       6
       3
      10
       7
       5
       5
       4
       5
       9
      12
       5
       6
       4
       6
       0
       7
       6
       4
       4
       5
       2
       2
       3
       3
       0
       1
       1
       0
       0
       0
       1
       0
       1
       0
       2
       0
       0
       0
       1
       0
       1
       0
       0
       0
       0
       0
       0
       0
       0
       0
       0
       1
       0
       0
       2
       1
       0
       0
       0
       2
       0
       0
       0
       0
       0
       0
       0
       0
       0
       0
       1
       0
       0
       1
       0
       0
       0
       1
       0
       0
       0
       0
       0
       0
       0
       1
       0
       0
       1
       0
       0
       0
       0
       0
       1
       0
       1
       1
       0
       0
       0
       0
       0
       0
       0
       0
       0
       0
       0
       0
       0
       0
       0
       0
       0
       0
       0
       0
       0
       0
       0
       0
       0
       0
       1
       0
       0
       0
       0
       0
       0
       0
       0
       0
       1
       0
       0
       0
       0
       0
       0
       0
       1
       0
       0
       0
       0
       0
       0
       0
       0
       0
       0
       0
       0
       0
       0
       1
       0
       0
       0
       0
       0
       1
       0
       0
       0
       0
       1
       0
       0
       0
       0
       0
       0
       0
       0
       0
       0
       0
       0
       0
       0
       0
       1
       0
       0
       0
       0
       0
       0
       0
       0
       0
       0
       0
       0
       0
       0
       0
       0
       0
       0
       0
       0
       0
       0
       0
       0
       0
       0
       0
       0
       0
       0
       0
       0
       0
       1
       0
       0
       0
       0
       0
       0
       0
       1
       0
       0
       0
       0
       0
       0
       0
       0
       0
       0
       0
       0
       0
       0
       0
       0
       0
       0
       0
       0
       0
       0
       0
       0
       0
       0
       0
       0
       0
       0
       0
       0
       0
       0
       0
       0
       1
       0
       0
       0
       0
       0
       0
       0
       0
       0
       0
       0
       0
       0
       0
       0
       0
       0
       0
       0
       0
       0
       0
       0
       0
       0
       0
       0
       0
       0
       0
       0
       0
       0
       0
       0
       0
       0
       0
       0
       1
       0
       0
       0
       0
       1
       2
       0
       0
       0
       0
       0
       0
       0
       0
       0
       0
       1
       0
       0
       0
       0
       0
       0
       0
       0
       0
       0
       0
       0
       0
       0
       0
       0
       0
       1
       0
       0
       0
       0
       0
       0
       0
       0
       0
       0
       0
       0
       0
       0
       0
       0
       0
       0
       0
       0
       0
       0
       0
       0
       0
       0
       0
       0
       1
       0
       0
       0
       0
       0
       0
       0
       0
       0
       0
       0
       0
       0
       0
       0
       0
       0
       0
       0
       0
       0
       0
       1
       0
       0
       0
       0
       0
       0
       0
       0
       1
       0
       0
       0
       0
       0
       0
       0
       0
       0
       0
       0
       0
       0
       1
       0
       0
       0
       0
       0
       0
       0
       0
       0
       0
       0
       0
       0
       0
       0
       0
       0
       0
       0
       0
       1
       0
       0
       0
       0
       0
       0
       0
       0
       0
       0
       0
       0
       0
       0
       0
       0
       1
       0
       0
       0
       0
       0
       0
       0
       0
       0
       0
       0
       0
       0
       0
       0
       0
       1
       0
       0
       0
       0
       0
       0
       0
       0
       1
       0
       0
       0
       0
       0
       2
       0
       0
       0
       0
       0
       0
       0
       0
       0
       0
       0
       0
       0
       0
       0
       0
       0
       0
       0
       0
       0
       0
       0
       0
       0
       0
       0
       0
       0
       0
       0
       0
       0
       0
       0
       0
       0
       0
       0
       0
       0
       0
       0
       0
       0
       0
       0
       0
       0
       0
       0
       0
       0
       0
       0
       0
       0
       0
       1
       0
       0
       0
       0
       1
       0
       0
       0
       0
       0
       0
       0
       0
       1
       0
       0
       0
       0
       0
       0
       0
       0
       0
       0
       0
       0
       0
       0
       0
       0
       0
       0
       0
       0
       0
       0
       0
       0
       0
       0
       0
       0
       0
       0
       0
       0
       0
       0
       0
       0
       0
       0
       0
       0
       0
       0
       0
       0
       0
       0
       0
       0
       0
       0
       0
       0
       0
       0
       0
       0
       0
       0
       0
       0
       0
       0
       0
       0
       0
       0
       0
       0
       0
       0
       0
       0
       0
       0
       0
       0
       0
       0
       0
       0
       0
       0
       0
       0
       0
       0
       0
       0
       0
       0
       0
       0
       0
       0
       0
       0
       0
       0
       0
       0
       0
       0
       0
       0
       0
       0
       0
       0
       0
       1
       0
       0
       0
       0
       0
       0
       0
       0
       0
       0
       0
       0
       0
       0
       1
       2
       0
       0
       0
       0
       0
       0
       0
       0
       0
       0
       0
       1
       0
       0
       0
       0
       0
       0
       0
       0
       0
       0
       0
       0
       0
       0
       0
       0
       0
       0
       0
       0
       0
       0
       1
       1
       0
       0
       0
       0
       0
       0
       0
       0
       0
       0
       0
       0
       0
       0
       0
       0
       0
       0
       0
       0
       0
       0
       0
       0
       0
       0
       0
       0
       0
       0
       0
       0
       0
       0
       0
       0
       0
       0
       0
       0
       0
       0
       1
       0
       0
       0
       0
       0
       0
       0
       0
       0
       0
       1
       0
       0
       0
       0
       0
       0
       0
       0
       0
       0
       0
       0
       0
       0
       0
       0
       0
       0
       0
       0
       0
       0
       0
       0
       0
       0
       0
       0
       0
       0
       0
       0
       0
       1
       0
       0
       0
       0
       0
       0
       0
       0
       1
       0
       0
       0
       0
       0
       0
       0
       0
       0
       0
       0
       0
       0
       0
       0
       0
       0
       0
       0
       0
       0
       0
       0
       0
       0
       0
       0
       0
       0
       0
       0
       0
       0
       0
       0
       0
       0
       0
       0
       0
       0
       0
       0
       0
       0
       0
       0
       0
       0
       0
       0
       0
       0
       0
       0
       0
       0
       0
       0
       0
       0
       0
       0
       0
       0
       0
       0
       0
       0
       0
       0
       0
       0
       0
       0
       0
       0
       0
       0
       0
       0
       0
       0
       0
       0
       0
       0
       0
       0
       0
       0
       0
       0
       0
       0
       0
       0
       0
       0
       0
       0
       0
       0
       0
       0
       0
       0
       0
       0
       0
       0
       0
       0
       0
       0
       0
       1
       0
       0
       0
       0
       0
       0
       0
       0
       0
       0
       0
       1
       0
       0
       0
       0
       0
       0
       0
       0
       0
       0
       0
       0
       0
       0
       0
       0
       0
       0
       0
       0
       0
       0
       1
       0
       0
       0
       0
       0
       0
       0
       0
       0
       0
       0
       0
       0
       0
       0
       0
       0
       0
       0
       0
       0
       0
       0
       0
       0
       0
       0
       0
       0
       0
       0
       0
       0
       0
       0
       0
       0
       0
       0
       0
       0
       0
       0
       0
       0
       0
       0
       0
       0
       0
       0
       0
       0
       0
       0
       0
       1
       0
       0
       0
       0
       0
       0
       0
       0
       0
       0
       0
       0
       0
       0
       0
       0
       0
       0
       0
       0
       0
       0
       0
       0
       0
       0
       0
       0
       0
       0
       0
       0
       0
       0
       0
       0
       0
       0
       0
       0
       0
       0
       0
       0
       0
       0
       0
       0
       0
       0
       0
       0
       0
       0
       0
       0
       0
       0
       0
       0
       0
       0
       0
       0
       0
       0
       0
       0
       0
       0
       0
       0
       0
       0
       0
       0
       0
       0
       0
       0
       0
       0
       0
       0
       0
       0
       0
       0
       0
       0
       0
       0
       0
       0
       0
       0
       0
       0
       0
       0
       0
       0
       0
       0
       0
       0
       0
       0
       0
       0
       0
       0
       0
       0
       0
       0
       0
       0
       0
       0
       0
       0
       0
       0
       0
       0
       0
       0
       1
       0
       0
       0
       0
       0
       0
       0
       0
       0
       0
       0
       0
       0
       0
       0
       0
       0
       0
       0
       0
       0
       0
       0
       0
       0
       0
       0
       0
       0
       0
       0
       0
       0
       0
       0
       0
       0
       0
       0
       0
       0
       0
       0
       0
       0
       0
       0
       0
       0
       0
       0
       0
       0
       0
       0
       0
       0
       0
       0
       0
       0
       0
       0
       0
       0
       0
       0
       0
       0
       0
       0
       0
       0
       0
       0
       0
       0
       0
       0
       0
       0
       0
       0
       0
       0
       0
       0
       0
       0
       0
       0
       0
       0
       0
       0
       0
       0
       0
       0
       0
       0
       0
       0
       0
       0
       0
       0
       0
       0
       0
       0
       0
       0
       0
       0
       0
       0
       0
       0
       0
       0
       0
       0
       0
       0
       0
       0
       0
       0
       0
       0
       0
       0
       0
       0
       0
       0
       0
       0
       0
       0
       0
       0
       0
       0
       0
       0
       0
       0
       0
       0
       0
       0
       0
       0
       0
       0
       0
       0
       0
       0
       0
       0
       0
       0
       0
       0
       0
       0
       0
       0
       0
       0
       0
       0
       0
       0
       0
       0
       0
       0
       0
       0
       0
       0
       0
       0
       0
       0
       0
       0
       0
       0
       0
       0
       0
       0
       0
       0
       0
       0
       0
       0
       0
       0
       0
       0
       0
       0
       0
       0
       0
       0
       0
       0
       0
       0
       0
       0
$ROI:
4
229 265
267 304
485 571
596 662
$PRESETS:
Live Time
150
0
$ENER_FIT:
0.000000 0.000000
$MCA_CAL:
3
0.000000E+000 0.000000E+000 0.000000E+000 
$SHAPE_CAL:
3
0.000000E+000 0.000000E+000 0.000000E+000
