$SPEC_ID:
No sample description was entered.
$SPEC_REM:
DET# 1
DETDESC# LAB4D1 Easy-MCA-2k SN 14311467
AP# Maestro Version 7.01
$DATE_MEA:
11/20/2024 08:46:08
$MEAS_TIM:
150 161
$DATA:
0 2047
       0
       0
       0
       0
       0
       0
       0
       0
       0
       0
       0
       0
       0
       0
       0
       0
       0
       0
       0
       0
   14486
   22709
   16579
   12548
    9546
    7569
    6256
    5222
    4866
    4503
    4282
    4283
    4172
    4235
    4200
    4334
    4272
    4440
    4458
    4366
    4474
    4573
    4668
    4644
    4719
    4758
    4715
    4695
    4631
    4651
    4556
    4484
    4381
    4357
    4126
    3914
    3916
    3675
    3595
    3454
    3285
    3122
    2867
    2738
    2636
    2517
    2251
    2107
    2062
    1841
    1659
    1533
    1425
    1284
    1128
    1081
     970
     842
     785
     691
     641
     601
     549
     494
     459
     440
     374
     403
     385
     383
     339
     392
     376
     426
     401
     463
     484
     441
     483
     530
     539
     523
     518
     488
     485
     442
     448
     451
     375
     368
     375
     382
     359
     349
     295
     310
     301
     337
     316
     303
     315
     372
     320
     341
     335
     371
     376
     322
     314
     353
     343
     355
     350
     359
     355
     337
     380
     347
     387
     367
     366
     384
     388
     394
     398
     349
     349
     407
     326
     362
     345
     336
     354
     343
     316
     315
     284
     254
     219
     214
     198
     205
     141
     173
     145
     136
     138
     122
     120
     111
     118
     100
      99
     113
      98
     105
      89
      85
      71
      70
      95
      81
      91
      85
      96
      88
      95
      87
      94
      92
      96
     106
      92
      79
      81
      80
      83
     103
      82
     102
      82
      85
      89
      88
      84
      70
      59
      72
      78
      72
      86
      72
      71
      65
      77
      69
      56
      91
      72
      60
      72
      59
      71
      57
      65
      74
      51
      66
      59
      61
      64
      71
      74
      56
      73
      69
      83
      77
      68
      57
      77
      80
      70
      74
      82
      75
      70
      80
      77
      75
      84
      77
      82
      87
      81
      80
      74
      83
      88
      77
      81
      76
      80
      82
      82
      86
      88
      77
      99
      72
      84
      93
      98
      93
     111
     111
     110
     115
     110
     136
     107
     123
     128
     123
     136
     150
     147
     172
     173
     160
     172
     162
     173
     167
     163
     170
     173
     167
     199
     161
     173
     188
     193
     203
     205
     187
     221
     202
     215
     210
     238
     217
     250
     215
     283
     284
     326
     293
     344
     403
     472
     487
     565
     641
     746
     853
    1027
    1252
    1469
    1702
    2030
    2485
    2907
    3366
    3987
    4564
    5115
    5938
    6631
    7318
    8015
    8557
    8883
    9510
    9685
    9683
    9515
    9163
    8784
    8116
    7367
    6720
    5830
    5006
    4209
    3545
    2911
    2285
    1752
    1386
    1066
     830
     574
     445
     308
     265
     198
     153
     147
     110
     103
      85
      62
      70
      59
      54
      64
      73
      55
      61
      58
      56
      54
      52
      63
      41
      60
      36
      57
      39
      42
      51
      37
      42
      41
      45
      39
      32
      27
      26
      28
      26
      23
      15
      21
      24
      14
      12
      19
      16
      16
      12
      22
      13
      13
      17
      16
       8
      12
       8
      10
       7
       4
       7
      10
       8
       6
      11
      11
      11
       7
       8
       6
      10
       7
      10
      12
       8
      14
      12
      10
       8
      10
       9
       9
      14
      11
      11
       6
      11
       7
       9
       9
       7
      12
      12
      11
      10
       9
       6
      15
       7
       9
       9
       3
       7
      18
       4
      10
      12
       6
      13
       9
      12
       4
      11
       6
      12
       7
       7
       6
       5
       8
      10
       3
       3
      12
       5
      11
       5
       8
       8
       3
       7
       4
       6
       5
      10
      11
       8
       9
       4
       4
       8
       8
      11
       9
       3
       5
       4
       5
       6
       3
       5
       9
       5
       7
       6
       5
       5
       8
       8
       7
       7
       5
       4
       5
       7
      10
       5
       6
       8
       2
       4
       8
       4
       5
       5
      10
       4
       7
       3
       5
       4
       9
       5
      10
       6
       4
       8
       6
       5
       3
       3
       7
       9
      12
       4
       7
       6
      10
       6
       4
       7
       5
       5
      11
      10
      10
      10
      10
      13
       9
      10
      12
       9
      10
       9
       8
       8
      13
      11
       9
       6
      12
       7
      13
       8
      11
      12
       7
       9
      15
      10
       9
       8
       6
       7
       7
      10
       4
       7
       6
       8
      10
       9
      10
      12
       7
       5
      11
       5
       6
      11
       4
       4
       9
       4
       4
       5
       4
       5
       5
       7
       7
       5
       7
       3
       7
       8
       7
       8
       8
       8
       8
      10
       6
       6
       8
       4
      14
       6
       8
      12
       8
       9
       4
      14
       7
      12
      15
       9
       9
       9
       5
       7
       7
       9
       6
      10
      12
      11
      15
       9
      11
       5
      11
      12
       9
       8
      11
      14
      11
      13
      15
      14
      14
      18
      20
      16
      12
      15
      19
      11
      10
      11
      12
      12
      16
      14
      11
      12
       8
      10
       5
       4
      10
      11
       3
       2
       5
       2
       1
       2
       2
       1
       3
       1
       2
       0
       2
       1
       0
       0
       0
       1
       0
       0
       1
       0
       0
       0
       1
       0
       0
       0
       1
       0
       0
       0
       0
       2
       0
       0
       1
       1
       0
       1
       0
       0
       0
       0
       0
       0
       0
       0
       0
       1
       0
       0
       1
       0
       1
       1
       1
       1
       0
       0
       0
       0
       0
       0
       0
       1
       1
       2
       0
       0
       0
       0
       0
       0
       0
       0
       1
       0
       0
       0
       0
       0
       0
       0
       0
       1
       0
       0
       0
       0
       0
       0
       0
       0
       0
       0
       1
       0
       0
       0
       0
       0
       1
       0
       0
       0
       0
       0
       1
       0
       0
       0
       1
       0
       0
       0
       0
       0
       0
       0
       0
       0
       0
       0
       0
       0
       0
       1
       0
       0
       0
       0
       0
       0
       1
       0
       0
       0
       0
       0
       0
       0
       0
       0
       0
       0
       0
       0
       0
       0
       0
       0
       0
       1
       0
       0
       0
       0
       0
       0
       0
       0
       0
       0
       0
       0
       1
       0
       0
       0
       0
       0
       0
       0
       0
       0
       0
       0
       0
       0
       0
       0
       0
       0
       0
       0
       0
       0
       0
       0
       0
       0
       1
       0
       0
       0
       0
       0
       0
       0
       0
       0
       1
       0
       1
       0
       0
       0
       0
       0
       0
       0
       0
       1
       0
       0
       0
       0
       0
       0
       2
       0
       0
       0
       0
       0
       0
       0
       1
       0
       0
       1
       0
       0
       0
       1
       0
       0
       0
       0
       0
       0
       0
       0
       0
       1
       0
       0
       0
       0
       1
       0
       0
       0
       0
       0
       0
       0
       0
       0
       0
       0
       0
       0
       0
       0
       0
       0
       0
       0
       0
       0
       0
       0
       0
       0
       0
       0
       0
       0
       0
       0
       0
       0
       0
       0
       0
       0
       0
       0
       0
       0
       0
       0
       1
       0
       0
       0
       0
       0
       0
       0
       0
       0
       0
       0
       0
       0
       0
       0
       1
       0
       0
       0
       0
       0
       0
       0
       0
       2
       0
       0
       0
       0
       0
       0
       0
       0
       0
       0
       0
       0
       1
       0
       0
       0
       0
       0
       0
       0
       0
       0
       0
       0
       1
       0
       0
       0
       0
       0
       0
       0
       0
       0
       0
       1
       0
       0
       0
       0
       0
       0
       0
       0
       1
       1
       0
       0
       0
       0
       0
       0
       0
       0
       0
       0
       0
       0
       0
       0
       0
       0
       0
       0
       0
       0
       0
       0
       1
       0
       0
       0
       0
       0
       1
       0
       0
       0
       0
       0
       0
       0
       0
       0
       0
       0
       0
       0
       0
       0
       0
       0
       1
       0
       0
       0
       0
       0
       0
       0
       0
       0
       0
       0
       0
       0
       0
       0
       0
       0
       0
       0
       0
       0
       0
       0
       0
       0
       0
       0
       0
       0
       0
       0
       0
       0
       0
       0
       0
       0
       0
       0
       0
       0
       0
       0
       0
       1
       0
       0
       0
       1
       0
       0
       0
       0
       0
       0
       0
       0
       0
       0
       0
       0
       1
       0
       0
       0
       0
       0
       0
       0
       0
       0
       1
       0
       0
       0
       0
       0
       0
       1
       2
       0
       0
       0
       0
       0
       0
       0
       0
       0
       0
       0
       1
       0
       0
       0
       0
       0
       0
       0
       0
       0
       0
       0
       0
       0
       0
       0
       0
       0
       0
       0
       0
       0
       0
       0
       0
       0
       0
       0
       0
       1
       0
       0
       0
       0
       0
       0
       0
       0
       0
       0
       0
       0
       0
       0
       0
       0
       1
       0
       1
       0
       1
       0
       0
       0
       0
       0
       0
       0
       0
       0
       0
       0
       0
       0
       1
       0
       0
       0
       0
       0
       0
       0
       0
       0
       0
       0
       0
       0
       0
       0
       0
       0
       0
       0
       0
       0
       0
       0
       0
       0
       0
       0
       0
       1
       0
       0
       0
       0
       0
       0
       0
       0
       0
       0
       0
       0
       0
       0
       0
       0
       0
       0
       0
       0
       0
       0
       0
       0
       0
       1
       0
       0
       0
       0
       0
       0
       0
       0
       0
       0
       0
       0
       0
       0
       0
       0
       0
       0
       1
       0
       0
       0
       0
       0
       0
       0
       0
       0
       0
       0
       0
       0
       0
       0
       0
       0
       0
       0
       0
       1
       0
       0
       0
       0
       0
       0
       0
       0
       0
       0
       0
       0
       0
       0
       0
       0
       0
       0
       0
       0
       1
       0
       0
       0
       0
       0
       0
       0
       0
       0
       0
       0
       0
       0
       0
       0
       1
       0
       0
       0
       0
       0
       1
       0
       0
       0
       0
       0
       0
       0
       0
       0
       0
       0
       0
       0
       0
       0
       0
       0
       0
       0
       0
       0
       0
       0
       0
       0
       0
       0
       0
       0
       0
       0
       0
       0
       0
       0
       0
       0
       0
       1
       0
       0
       0
       0
       0
       0
       0
       0
       0
       0
       0
       0
       0
       0
       0
       0
       0
       0
       0
       0
       0
       0
       0
       0
       0
       0
       0
       0
       0
       1
       0
       0
       0
       1
       0
       0
       0
       0
       1
       0
       0
       0
       0
       0
       1
       0
       0
       0
       0
       0
       0
       0
       0
       0
       0
       0
       0
       0
       0
       0
       0
       0
       0
       0
       0
       0
       0
       0
       0
       0
       0
       0
       0
       0
       0
       0
       0
       0
       0
       0
       0
       0
       0
       0
       0
       0
       0
       0
       0
       0
       0
       0
       0
       1
       0
       0
       0
       0
       0
       0
       0
       0
       0
       0
       0
       0
       0
       0
       0
       0
       0
       0
       0
       0
       0
       0
       0
       0
       1
       0
       0
       0
       0
       0
       0
       0
       0
       0
       0
       0
       0
       0
       0
       0
       0
       0
       0
       0
       0
       0
       0
       0
       0
       0
       0
       0
       0
       0
       0
       0
       0
       0
       0
       0
       0
       0
       0
       0
       0
       0
       0
       0
       0
       0
       0
       0
       0
       0
       0
       0
       0
       0
       0
       0
       0
       0
       0
       0
       0
       0
       0
       0
       0
       0
       0
       0
       0
       0
       0
       0
       0
       0
       0
       0
       0
       0
       0
       0
       0
       0
       0
       0
       0
       0
       0
       0
       0
       0
       0
       0
       0
       0
       0
       0
       0
       0
       0
       0
       0
       0
       0
       0
       1
       0
       0
       0
       0
       0
       1
       0
       0
       0
       0
       0
       0
       0
       0
       0
       0
       0
       0
       0
       0
       0
       0
       0
       0
       0
       0
       0
       0
       0
       0
       0
       0
       0
       0
       0
       0
       0
       0
       0
       0
       0
       0
       0
       0
       0
       0
       0
       0
       0
       0
       0
       1
       0
       0
       0
       0
       0
       0
       0
       0
       0
       0
       0
       0
       0
       1
       0
       0
       0
       0
       0
       0
       0
       0
       0
       0
       0
       0
       0
       1
       0
       0
       0
       0
       0
       0
       0
       0
       0
       0
       0
       0
       0
       0
       0
       0
       0
       0
       0
       0
       0
       0
       0
       0
       0
       0
       0
       0
       0
       0
       0
       0
       0
       0
       1
       0
       0
       0
       0
       0
       0
       0
       0
       0
       0
       1
       0
       0
       0
       0
       0
       0
       0
       0
       0
       0
       0
       0
       0
       0
       0
       0
       0
       0
       0
       0
       0
       0
       0
       0
       0
       0
       0
       0
       0
       0
       0
       0
       0
       0
       0
       0
       0
       0
       0
       0
       0
       0
       0
       0
       0
       0
       0
       0
       0
       0
       0
       0
       0
       0
       0
       0
       0
       0
       0
       0
       0
       0
       0
       0
       0
       0
       0
       0
       0
       0
       0
       0
       0
       0
       0
       0
       0
       0
       0
       0
       0
       0
       0
       0
       0
       0
       0
       0
       0
       0
       0
       0
       0
       0
       0
       0
       0
       0
       0
       0
       0
       0
       0
       0
       0
       0
       0
       0
       0
       0
       0
       0
       0
       0
       0
       0
       0
       0
       0
       0
       0
       0
       0
       0
       0
       0
       0
       0
       0
       0
       0
       0
       0
       0
       0
       0
       0
       0
       0
       0
       0
       0
       0
       0
       0
       0
       0
       0
       1
       0
       0
       0
       0
       0
       0
       0
       0
       0
       0
       0
       0
       0
       0
       0
       0
       0
       0
       0
       0
       0
       0
       0
       0
       0
       0
       0
       0
       0
       0
       0
       0
       0
       0
       0
       0
       0
       0
       0
       0
       0
       0
       0
       0
       0
       0
       0
       0
       0
       0
       0
       0
       0
       0
       0
       0
       0
       0
       0
       0
       0
       0
       0
       0
       0
       0
       0
       0
       0
       0
       0
       0
       0
       0
       0
       0
       0
       0
       0
       0
       0
       0
       0
       0
       0
       0
       0
       0
       0
       0
       0
       0
       0
       0
       0
       0
       0
       0
       0
       0
       0
       0
       0
       0
       0
       0
$ROI:
2
158 571
596 662
$PRESETS:
Live Time
150
0
$ENER_FIT:
0.000000 0.000000
$MCA_CAL:
3
0.000000E+000 0.000000E+000 0.000000E+000 
$SHAPE_CAL:
3
0.000000E+000 0.000000E+000 0.000000E+000
