$SPEC_ID:
No sample description was entered.
$SPEC_REM:
DET# 1
DETDESC# LAB4D1 Easy-MCA-2k SN 14311467
AP# Maestro Version 7.01
$DATE_MEA:
11/20/2024 09:57:19
$MEAS_TIM:
150 157
$DATA:
0 2047
       0
       0
       0
       0
       0
       0
       0
       0
       0
       0
       0
       0
       0
       0
       0
       0
       0
       0
       0
       0
   15189
   23957
   17245
   12100
    8640
    6203
    4625
    3634
    2996
    2773
    2358
    2208
    2143
    2128
    2142
    2081
    2089
    2102
    2131
    2070
    2116
    2068
    2011
    2014
    1986
    2001
    1857
    1871
    1856
    1963
    1788
    1835
    1924
    1816
    1679
    1784
    1766
    1623
    1606
    1547
    1583
    1420
    1402
    1342
    1298
    1180
    1102
    1106
    1012
     897
     805
     802
     784
     711
     613
     568
     557
     548
     559
     516
     503
     550
     536
     588
     591
     582
     587
     671
     698
     723
     670
     703
     747
     681
     661
     637
     597
     546
     474
     502
     412
     452
     341
     353
     311
     246
     263
     232
     177
     174
     158
     126
     123
     108
     124
     113
      95
     107
      99
     110
     109
      97
     106
     104
     111
     126
     135
     159
     112
     135
     164
     151
     170
     174
     166
     186
     164
     154
     181
     193
     163
     155
     165
     182
     131
     138
     128
     146
      95
     100
      91
     102
      80
      68
      77
      61
      62
      70
      45
      64
      57
      51
      57
      57
      54
      39
      67
      41
      37
      41
      44
      40
      51
      44
      46
      38
      50
      44
      39
      45
      41
      46
      26
      40
      41
      50
      36
      32
      34
      33
      33
      43
      29
      38
      42
      27
      40
      43
      41
      37
      23
      39
      27
      39
      35
      34
      33
      42
      29
      36
      32
      36
      32
      30
      22
      30
      34
      36
      42
      39
      34
      24
      17
      34
      38
      36
      29
      33
      20
      23
      29
      37
      33
      26
      28
      36
      27
      35
      30
      24
      35
      35
      28
      38
      36
      38
      30
      34
      37
      37
      29
      40
      29
      28
      30
      25
      30
      33
      43
      40
      26
      44
      48
      40
      39
      39
      45
      42
      49
      40
      50
      45
      61
      37
      53
      37
      56
      50
      48
      58
      62
      56
      60
      74
      58
      73
      57
      60
      61
      68
      76
      54
      69
      52
      72
      61
      76
      65
      60
      89
      65
      76
      81
      74
      81
      75
     100
      92
      94
     117
     119
     105
     131
     105
     117
     133
     156
     139
     151
     194
     219
     272
     268
     329
     361
     453
     545
     667
     790
     938
    1057
    1280
    1434
    1774
    1974
    2333
    2666
    2941
    3404
    3769
    4048
    4182
    4511
    4779
    4773
    4856
    4655
    4646
    4417
    4058
    3736
    3388
    2936
    2484
    2089
    1863
    1494
    1205
     964
     711
     553
     463
     320
     242
     169
     127
      99
      63
      36
      39
      33
      19
      23
      20
      16
      13
      22
      19
      20
      16
       8
      20
      18
      12
      11
       9
      18
      10
      14
      16
       9
       7
       8
       7
       6
      11
      10
       5
      10
      10
       5
       4
       5
       4
       6
       7
       3
       9
       4
       8
       5
       8
       6
       4
       7
       6
       6
       6
       3
       4
       3
       5
       4
       4
       1
       2
       2
       2
       4
       4
       3
       3
       2
       6
       7
       3
       5
       2
       7
       5
       5
       4
       3
       4
       3
       2
       3
       5
       2
       4
       3
       6
       3
       3
       3
       1
       3
       0
       2
       3
       2
       2
       5
       0
       0
       3
       0
       0
       1
       2
       1
       2
       2
       5
       2
       6
       2
       2
       0
       3
       4
       2
       0
       3
       2
       1
       2
       2
       2
       2
       2
       1
       1
       5
       7
       3
       2
       2
       4
       4
       3
       4
       0
       2
       0
       2
       0
       2
       3
       2
       3
       0
       3
       2
       2
       1
       0
       3
       1
       2
       0
       0
       0
       1
       1
       2
       1
       1
       0
       3
       2
       2
       2
       1
       1
       4
       1
       2
       0
       0
       2
       0
       3
       2
       0
       0
       3
       3
       0
       3
       3
       1
       0
       1
       2
       4
       1
       3
       2
       1
       6
       3
       3
       2
       3
       3
       4
       3
       7
       3
       6
       5
       3
       3
       4
       5
       7
       3
       3
       2
       0
       5
       3
       3
       2
       6
       5
       2
       0
       4
       2
       4
       3
       2
       6
       1
       1
       0
       3
       6
       5
       2
       3
       5
       0
       2
       5
       3
       4
       1
       1
       4
       4
       3
       1
       3
       3
       2
       2
       0
       1
       2
       1
       1
       4
       0
       5
       0
       0
       6
       2
       2
       1
       4
       0
       0
       1
       3
       1
       1
       2
       3
       2
       1
       3
       2
       0
       5
       3
       1
       3
       0
       2
       4
       4
       4
       3
       1
       4
       0
       0
       3
       0
       5
       3
       4
       1
       1
       1
       3
       4
       3
       3
       2
       6
       2
       5
       5
       3
       5
       7
       0
       5
       3
       4
       6
       7
       1
       4
       1
       2
       2
       1
       0
       4
       2
       2
       2
       2
       0
       1
       0
       0
       1
       1
       2
       1
       0
       0
       0
       1
       0
       0
       1
       1
       0
       0
       0
       0
       0
       1
       0
       0
       1
       1
       0
       2
       0
       1
       0
       0
       0
       0
       0
       0
       0
       0
       0
       0
       0
       0
       0
       1
       0
       0
       0
       1
       1
       0
       1
       0
       0
       0
       1
       1
       0
       0
       0
       0
       0
       0
       0
       0
       0
       0
       1
       0
       0
       0
       0
       0
       0
       0
       0
       0
       1
       0
       0
       0
       0
       0
       1
       0
       0
       0
       0
       0
       1
       0
       0
       0
       0
       0
       0
       0
       0
       0
       0
       0
       1
       0
       0
       0
       0
       0
       0
       0
       0
       0
       0
       1
       0
       0
       0
       0
       0
       0
       0
       0
       0
       0
       0
       1
       0
       1
       0
       0
       0
       0
       0
       0
       0
       0
       0
       0
       0
       0
       0
       0
       0
       0
       0
       0
       0
       0
       1
       1
       0
       0
       0
       0
       0
       0
       0
       0
       0
       0
       1
       0
       0
       0
       1
       0
       0
       0
       0
       0
       0
       0
       0
       0
       0
       0
       0
       1
       0
       1
       0
       0
       0
       0
       0
       1
       0
       0
       0
       0
       0
       0
       0
       0
       0
       0
       0
       0
       0
       0
       0
       0
       0
       0
       0
       0
       0
       0
       0
       1
       0
       0
       0
       0
       0
       0
       0
       0
       0
       0
       0
       0
       0
       0
       0
       1
       1
       0
       0
       0
       0
       0
       2
       0
       0
       0
       1
       0
       0
       0
       1
       0
       0
       0
       0
       1
       0
       0
       0
       0
       0
       0
       0
       0
       0
       0
       0
       0
       0
       0
       0
       0
       0
       0
       0
       0
       0
       0
       0
       0
       0
       1
       0
       0
       0
       0
       0
       0
       0
       0
       0
       0
       0
       0
       0
       0
       0
       0
       0
       0
       1
       0
       0
       0
       0
       0
       0
       0
       0
       1
       0
       0
       0
       0
       0
       0
       0
       0
       0
       0
       0
       0
       0
       0
       0
       0
       0
       0
       0
       0
       0
       1
       0
       0
       0
       0
       0
       0
       0
       0
       0
       0
       0
       0
       0
       0
       0
       1
       0
       1
       0
       0
       0
       0
       0
       0
       1
       0
       0
       0
       0
       0
       0
       0
       0
       0
       0
       0
       0
       0
       0
       0
       0
       1
       0
       0
       0
       1
       0
       1
       0
       0
       0
       0
       0
       0
       1
       0
       0
       0
       0
       0
       0
       0
       0
       0
       0
       0
       0
       1
       0
       0
       0
       0
       0
       0
       0
       0
       0
       0
       0
       0
       0
       0
       0
       0
       0
       0
       0
       0
       0
       0
       1
       0
       0
       0
       0
       0
       0
       0
       0
       0
       1
       0
       0
       0
       0
       0
       0
       0
       0
       0
       0
       0
       0
       0
       1
       0
       0
       0
       0
       0
       0
       0
       0
       1
       0
       0
       0
       0
       0
       0
       0
       0
       0
       1
       0
       0
       0
       0
       0
       0
       0
       0
       0
       0
       0
       0
       0
       0
       0
       0
       0
       0
       0
       0
       0
       0
       0
       0
       0
       0
       0
       0
       0
       0
       0
       0
       0
       0
       0
       0
       0
       0
       0
       0
       0
       0
       0
       0
       1
       0
       0
       0
       0
       0
       0
       0
       0
       0
       0
       0
       0
       0
       0
       0
       0
       0
       0
       0
       0
       0
       0
       0
       0
       0
       0
       0
       0
       0
       0
       0
       0
       0
       0
       0
       0
       0
       0
       0
       0
       0
       1
       0
       0
       0
       0
       0
       0
       0
       0
       0
       0
       0
       0
       0
       0
       0
       0
       0
       0
       0
       0
       0
       0
       0
       0
       0
       0
       0
       0
       0
       0
       0
       0
       0
       0
       0
       0
       0
       0
       0
       0
       0
       0
       0
       0
       0
       0
       0
       0
       0
       0
       0
       0
       0
       0
       0
       0
       0
       0
       0
       0
       0
       0
       0
       0
       0
       0
       0
       0
       0
       0
       0
       0
       0
       0
       0
       0
       0
       0
       0
       0
       1
       0
       0
       0
       0
       0
       0
       0
       0
       0
       0
       0
       0
       0
       0
       0
       0
       0
       0
       0
       0
       0
       0
       0
       0
       0
       0
       0
       1
       0
       0
       0
       0
       0
       0
       0
       0
       0
       0
       0
       0
       0
       0
       0
       0
       0
       0
       0
       0
       0
       0
       0
       0
       0
       0
       0
       0
       0
       0
       0
       0
       0
       0
       0
       0
       0
       0
       0
       0
       0
       0
       0
       0
       0
       0
       0
       0
       0
       0
       0
       0
       0
       0
       0
       0
       0
       0
       0
       0
       0
       0
       0
       0
       0
       0
       0
       0
       0
       0
       0
       0
       0
       0
       0
       0
       0
       0
       0
       0
       0
       0
       0
       0
       0
       0
       0
       0
       0
       0
       0
       0
       0
       0
       0
       0
       0
       0
       0
       0
       0
       0
       0
       0
       0
       0
       0
       0
       0
       0
       0
       0
       0
       0
       0
       0
       0
       0
       1
       0
       0
       0
       0
       0
       0
       0
       0
       0
       0
       0
       0
       0
       0
       0
       0
       0
       0
       0
       1
       0
       0
       0
       0
       0
       0
       0
       0
       0
       0
       0
       0
       0
       0
       0
       0
       0
       0
       0
       1
       0
       0
       0
       0
       0
       0
       0
       0
       0
       0
       0
       0
       0
       0
       0
       0
       0
       0
       0
       0
       0
       0
       0
       0
       0
       0
       0
       0
       0
       1
       0
       0
       0
       0
       0
       0
       0
       0
       0
       0
       0
       0
       0
       0
       0
       0
       0
       0
       0
       0
       0
       0
       0
       0
       0
       0
       0
       0
       0
       1
       0
       0
       0
       0
       0
       0
       0
       0
       0
       0
       0
       0
       0
       0
       0
       0
       0
       0
       0
       0
       0
       0
       0
       0
       0
       0
       0
       0
       0
       0
       0
       0
       0
       0
       0
       0
       0
       0
       0
       0
       0
       0
       0
       0
       0
       0
       0
       0
       0
       0
       0
       0
       0
       0
       0
       0
       0
       0
       0
       0
       0
       0
       0
       0
       0
       0
       0
       0
       0
       0
       0
       0
       0
       0
       0
       0
       0
       0
       0
       0
       0
       0
       0
       0
       0
       0
       0
       0
       0
       0
       0
       0
       0
       0
       0
       0
       0
       0
       0
       0
       0
       0
       0
       0
       0
       0
       0
       0
       0
       0
       0
       0
       0
       0
       0
       0
       0
       0
       0
       0
       0
       0
       0
       0
       0
       0
       0
       0
       0
       0
       0
       0
       0
       0
       0
       0
       0
       0
       0
       0
       0
       0
       0
       0
       0
       1
       0
       0
       0
       1
       0
       0
       0
       0
       0
       0
       0
       0
       0
       0
       0
       0
       0
       0
       0
       0
       0
       0
       0
       0
       0
       0
       0
       0
       0
       0
       0
       0
       0
       0
       0
       0
       0
       0
       0
       0
       0
       0
       0
       0
       0
       0
       0
       0
       0
       0
       0
       0
       0
       0
       0
       0
       0
       0
       0
       0
       0
       0
       0
       0
       0
       0
       0
       0
       0
       0
       0
       0
       0
       0
       0
       0
       0
       0
       0
       0
       0
       0
       0
       0
       0
       0
       0
       0
       0
       0
       0
       0
       0
       0
       0
       0
       0
       0
       0
       0
       0
       0
       0
       0
       0
       0
       0
       0
       0
       0
       0
       0
       0
       0
       0
       0
       0
       0
       0
       0
       0
       0
       0
       0
       0
       0
       0
       0
       0
       0
       0
       0
       0
       0
       0
       0
       0
       0
       0
       0
       0
       0
       0
       0
       0
       0
       0
       0
       0
       0
       0
       0
       0
       0
       0
       0
       0
       0
       0
       0
       0
       0
       0
       0
       0
       0
       0
       0
       0
       0
       0
       0
       0
       0
       0
       0
       0
       0
       0
       0
       0
       0
       1
       0
       0
       0
       0
       0
       0
       0
       0
       0
       0
       0
       0
       0
       0
       0
       0
       0
       0
       0
       0
       0
       0
       0
       0
       0
       0
       0
       0
       0
       0
       0
       0
       0
       0
       0
       0
       0
       0
       0
       0
       0
       0
       0
       0
       0
       0
       0
       0
       0
       0
       0
       0
       0
       0
       0
       0
       0
       0
       0
       0
       0
       0
       0
       0
       0
       0
       0
       0
       0
       0
       0
       0
       0
       0
       0
       0
       0
       0
       0
       0
       0
       0
       0
       0
       0
       0
       0
       0
       0
       0
       0
       0
       0
       0
       0
       0
       0
       0
       0
       0
       0
       0
       0
       0
       0
       0
       0
       0
       0
       0
       0
       0
       0
       0
       0
       0
       0
       0
       0
       0
       0
       0
       0
       0
       0
       0
       0
       0
       0
       0
       0
       0
       0
       0
       0
       0
       0
       0
       0
       0
       0
       0
       0
       0
       0
       0
       0
       0
       0
       0
       0
$ROI:
4
229 265
267 304
485 571
596 662
$PRESETS:
Live Time
150
0
$ENER_FIT:
0.000000 0.000000
$MCA_CAL:
3
0.000000E+000 0.000000E+000 0.000000E+000 
$SHAPE_CAL:
3
0.000000E+000 0.000000E+000 0.000000E+000
