$SPEC_ID:
No sample description was entered.
$SPEC_REM:
DET# 1
DETDESC# LAB4D1 Easy-MCA-2k SN 14311467
AP# Maestro Version 7.01
$DATE_MEA:
11/21/2024 13:43:22
$MEAS_TIM:
240 250
$DATA:
0 2047
       0
       0
       0
       0
       0
       0
       0
       0
       0
       0
       0
       0
       0
       0
       0
       0
       0
       0
       0
       0
   24496
   38385
   27559
   19510
   14006
    9855
    7396
    5470
    4332
    3794
    3344
    3004
    2830
    2831
    2690
    2684
    2605
    2726
    2667
    2593
    2842
    2805
    2800
    2954
    2917
    2908
    2891
    2950
    2951
    2867
    2843
    2895
    2896
    2884
    2773
    2805
    2598
    2547
    2595
    2524
    2394
    2306
    2142
    2060
    1946
    1956
    1768
    1730
    1531
    1362
    1336
    1218
    1107
    1020
     992
     855
     748
     677
     611
     569
     480
     432
     441
     361
     372
     299
     284
     273
     264
     258
     250
     238
     206
     174
     181
     182
     186
     175
     165
     169
     162
     140
     134
     143
     134
     126
     118
     139
     134
     136
     108
     141
     125
     156
     119
     124
     150
     131
     174
     154
     147
     189
     174
     170
     188
     183
     202
     174
     182
     224
     231
     235
     285
     272
     300
     265
     245
     307
     289
     258
     271
     267
     281
     231
     264
     200
     184
     200
     186
     143
     169
     132
     118
     119
      95
     110
     117
      90
     103
     108
      92
      96
      87
      85
      98
      88
      87
      95
      86
      80
      70
      71
      53
      82
      84
      90
      56
      72
      71
      78
      70
      78
      57
      65
      60
      62
      75
      72
      52
      61
      62
      65
      74
      71
      59
      53
      79
      61
      67
      56
      84
      83
      77
      65
      65
      61
      62
      75
      66
      60
      63
      57
      65
      69
      62
      60
      60
      71
      65
      61
      62
      61
      53
      56
      49
      51
      61
      55
      59
      61
      60
      55
      65
      60
      60
      56
      60
      53
      54
      55
      61
      60
      60
      59
      48
      61
      48
      53
      60
      74
      59
      68
      62
      53
      55
      63
      50
      63
      60
      52
      73
      57
      59
      43
      62
      62
      48
      63
      58
      67
      70
      61
      61
      68
      78
      66
      68
      90
      89
     102
      81
      71
      94
      96
      97
     108
      92
      90
     108
     115
      94
     108
     107
      76
     100
     129
     102
      98
     109
     126
      95
      95
     107
     115
     117
     132
     123
     131
     133
     147
     134
     163
     135
     180
     161
     154
     164
     182
     222
     253
     280
     311
     298
     354
     435
     508
     580
     684
     782
     956
    1124
    1321
    1551
    1856
    2199
    2556
    3022
    3328
    3878
    4522
    5084
    5494
    6150
    6466
    7030
    7267
    7395
    7410
    7341
    7072
    6813
    6411
    5911
    5245
    4546
    4060
    3519
    3016
    2410
    1960
    1531
    1123
     944
     700
     529
     376
     281
     230
     140
     101
      74
      61
      54
      32
      34
      28
      27
      27
      16
      18
      14
      25
      20
      17
      18
      19
      21
      11
      16
      16
       6
      14
      19
      16
      10
      14
      19
      10
      13
      10
      13
      15
       6
      13
      14
      10
      13
       6
      12
      13
       5
       8
       8
       5
       3
       8
       4
       7
       4
       5
       6
       6
       6
       2
       5
       3
       3
       4
       5
       1
       3
       1
       3
       1
       2
       3
       0
       5
       6
       3
       2
       5
       5
       3
       6
       6
       5
       4
       2
       4
      11
       2
       2
       6
       6
       4
       5
       2
       4
       0
       4
       3
       3
       2
       3
       5
       4
       1
       3
       3
       5
       2
       4
       1
       4
       4
       6
       2
       3
       2
       3
       2
       5
       2
       3
       2
       3
       2
       1
       2
       7
       1
       4
       2
       3
       1
       5
       4
       2
       2
       5
       3
       1
       2
       4
       3
       4
       6
       1
       3
       3
       1
       1
       6
       3
       2
       3
       1
       5
       3
       2
       5
       1
       8
       0
       2
       8
       3
       4
       1
       2
       2
       4
       2
       6
       4
       4
       1
       4
       2
       4
       2
       4
       0
       2
       4
       2
       3
       5
       2
       5
       3
       1
       4
       1
       1
       2
       0
       1
       2
       4
       2
       3
       5
       5
       3
       3
       7
       5
       2
       7
       2
       2
       5
       4
       7
       6
       4
      11
       7
       5
       7
       7
       2
       4
       4
       7
       6
       3
       5
       6
       2
       5
       5
       7
       5
       8
       7
       3
       7
       4
       5
       5
       8
       2
       3
       5
       5
       4
       4
       4
       4
       0
       6
       4
       5
       3
       3
       6
       1
       5
       2
       5
       2
       1
       4
       0
       0
       4
       2
       4
       2
       2
       5
       2
       2
       2
       3
       2
       1
       3
       2
       6
       0
       6
       3
       1
       4
       5
       2
       0
       4
       2
       2
       2
       2
       3
       3
       2
       7
       4
       6
       6
       2
       3
       5
       7
       2
       4
       3
       3
       6
       8
       6
       7
       2
       5
       5
       5
       4
       4
       5
       8
       8
      10
       5
       3
       6
       8
       6
       4
       4
       2
       2
       2
       5
       6
       2
       3
       3
       0
       1
       0
       0
       4
       1
       3
       0
       0
       0
       1
       1
       0
       0
       0
       0
       0
       1
       0
       0
       0
       1
       0
       0
       1
       0
       2
       2
       2
       0
       0
       0
       1
       0
       1
       1
       0
       0
       0
       1
       1
       0
       0
       0
       0
       0
       0
       0
       0
       0
       0
       1
       0
       0
       0
       0
       1
       0
       0
       1
       0
       0
       0
       0
       0
       1
       0
       0
       0
       0
       0
       0
       1
       0
       0
       0
       0
       0
       0
       2
       0
       0
       0
       0
       0
       0
       0
       0
       2
       0
       1
       0
       0
       0
       1
       0
       0
       0
       0
       0
       0
       0
       0
       0
       1
       1
       0
       0
       0
       0
       0
       0
       0
       0
       0
       0
       0
       0
       0
       0
       0
       0
       0
       0
       0
       0
       0
       0
       0
       1
       0
       0
       0
       0
       0
       0
       0
       1
       0
       0
       0
       1
       0
       0
       0
       0
       1
       0
       0
       0
       0
       0
       0
       0
       0
       1
       0
       0
       2
       0
       0
       0
       0
       0
       0
       0
       1
       0
       0
       0
       0
       0
       0
       0
       0
       0
       0
       0
       0
       0
       0
       0
       0
       0
       0
       0
       0
       0
       0
       1
       0
       0
       0
       0
       1
       0
       0
       0
       0
       0
       0
       0
       0
       0
       0
       0
       0
       1
       0
       0
       1
       0
       0
       0
       0
       1
       0
       0
       0
       0
       1
       0
       0
       0
       0
       1
       1
       0
       0
       0
       0
       0
       1
       1
       0
       2
       0
       0
       1
       0
       0
       0
       0
       0
       0
       0
       0
       0
       1
       0
       0
       0
       0
       0
       0
       0
       0
       0
       0
       2
       0
       0
       0
       0
       0
       0
       0
       0
       0
       0
       0
       0
       0
       0
       0
       0
       0
       0
       0
       0
       1
       0
       0
       0
       0
       0
       0
       0
       0
       0
       0
       0
       0
       0
       0
       1
       0
       0
       0
       0
       0
       0
       0
       0
       0
       0
       0
       1
       0
       0
       1
       1
       0
       0
       0
       0
       0
       0
       0
       0
       0
       0
       0
       0
       0
       0
       0
       0
       0
       0
       0
       0
       0
       0
       0
       1
       0
       0
       0
       0
       0
       0
       0
       0
       0
       0
       0
       0
       1
       0
       1
       0
       0
       0
       0
       0
       1
       0
       1
       0
       0
       0
       0
       0
       0
       0
       0
       0
       0
       0
       0
       0
       0
       0
       0
       0
       0
       1
       0
       0
       0
       0
       0
       0
       0
       0
       0
       0
       0
       0
       0
       0
       0
       0
       0
       0
       1
       0
       0
       0
       1
       0
       0
       0
       0
       0
       0
       0
       0
       0
       0
       0
       0
       0
       0
       0
       0
       0
       0
       0
       0
       1
       0
       0
       0
       1
       0
       0
       0
       0
       0
       0
       0
       0
       0
       0
       0
       0
       0
       0
       0
       0
       0
       1
       0
       0
       0
       0
       0
       0
       0
       0
       0
       1
       0
       0
       0
       0
       0
       0
       0
       0
       0
       0
       0
       0
       0
       0
       0
       0
       0
       0
       0
       0
       0
       0
       0
       0
       0
       0
       0
       1
       0
       0
       0
       0
       0
       0
       0
       0
       0
       0
       0
       0
       0
       0
       0
       0
       0
       0
       0
       0
       0
       0
       0
       0
       0
       0
       0
       0
       0
       0
       1
       0
       0
       0
       0
       0
       0
       0
       0
       0
       1
       0
       0
       0
       0
       1
       0
       0
       0
       0
       0
       0
       0
       0
       1
       0
       0
       0
       0
       1
       0
       0
       0
       0
       0
       0
       0
       0
       0
       0
       0
       0
       0
       0
       0
       0
       0
       0
       0
       0
       0
       0
       0
       1
       0
       0
       0
       0
       0
       0
       0
       0
       0
       0
       0
       0
       0
       0
       0
       0
       0
       0
       1
       0
       0
       0
       1
       0
       0
       0
       0
       0
       0
       0
       0
       0
       0
       0
       0
       0
       0
       1
       0
       0
       1
       0
       0
       0
       0
       0
       0
       0
       0
       0
       0
       0
       0
       0
       0
       0
       0
       0
       0
       0
       0
       0
       0
       0
       0
       0
       0
       0
       0
       0
       0
       0
       0
       0
       0
       0
       0
       0
       0
       0
       0
       0
       0
       0
       0
       1
       0
       0
       0
       0
       0
       0
       0
       0
       0
       0
       0
       0
       0
       0
       0
       0
       1
       0
       0
       0
       0
       0
       0
       0
       0
       0
       0
       0
       0
       0
       0
       0
       0
       0
       0
       0
       0
       0
       0
       0
       0
       0
       0
       0
       0
       0
       1
       0
       0
       0
       0
       0
       0
       0
       0
       0
       0
       0
       0
       0
       0
       0
       0
       0
       0
       0
       0
       0
       0
       0
       0
       0
       0
       0
       0
       0
       0
       0
       0
       0
       0
       0
       0
       0
       0
       0
       0
       0
       0
       0
       0
       0
       0
       0
       0
       0
       0
       0
       0
       0
       0
       0
       0
       0
       1
       0
       0
       0
       0
       0
       0
       0
       0
       0
       0
       0
       0
       0
       0
       0
       0
       0
       0
       0
       0
       0
       0
       0
       0
       0
       0
       0
       0
       1
       1
       0
       0
       0
       0
       0
       0
       0
       0
       0
       0
       0
       0
       0
       0
       0
       0
       0
       0
       0
       0
       0
       0
       0
       0
       1
       0
       0
       0
       0
       0
       0
       0
       0
       0
       0
       0
       0
       0
       0
       0
       0
       0
       0
       0
       0
       1
       0
       0
       0
       0
       0
       0
       0
       0
       0
       0
       0
       0
       0
       0
       0
       0
       0
       0
       0
       0
       0
       1
       0
       0
       0
       0
       0
       0
       0
       0
       0
       0
       0
       0
       0
       0
       0
       0
       0
       0
       0
       0
       0
       0
       0
       0
       0
       0
       0
       0
       0
       0
       0
       0
       0
       0
       0
       0
       0
       0
       0
       0
       0
       0
       0
       0
       0
       0
       0
       0
       0
       0
       0
       0
       0
       0
       0
       0
       0
       0
       0
       0
       0
       1
       0
       0
       0
       0
       0
       0
       0
       0
       0
       0
       0
       0
       0
       0
       0
       0
       0
       0
       0
       0
       0
       0
       0
       0
       0
       0
       0
       0
       0
       0
       0
       0
       0
       0
       0
       0
       0
       0
       0
       0
       0
       0
       0
       0
       0
       1
       0
       0
       1
       0
       0
       0
       0
       0
       0
       0
       0
       0
       0
       0
       0
       0
       0
       0
       0
       0
       0
       0
       0
       0
       0
       0
       0
       0
       0
       0
       0
       0
       0
       0
       0
       0
       0
       0
       0
       0
       0
       0
       0
       0
       0
       0
       0
       0
       0
       0
       0
       0
       0
       0
       0
       0
       0
       0
       0
       0
       0
       0
       0
       0
       0
       0
       0
       0
       0
       0
       0
       0
       0
       0
       0
       0
       0
       0
       0
       0
       0
       0
       0
       0
       0
       0
       0
       0
       0
       0
       0
       0
       0
       0
       0
       0
       0
       0
       0
       0
       0
       0
       0
       0
       0
       0
       0
       0
       0
       0
       0
       0
       0
       0
       0
       0
       0
       0
       0
       0
       0
       0
       0
       0
       0
       0
       0
       0
       0
       0
       0
       0
       0
       0
       0
       0
       0
       0
       0
       0
       0
       0
       0
       0
       0
       0
       0
       0
       0
       0
       0
       0
       0
       0
       0
       0
       0
       0
       0
       1
       0
       0
       0
       0
       0
       0
       0
       0
       0
       0
       0
       0
       0
       0
       0
       0
       0
       0
       0
       0
       0
       0
       0
       0
       0
       0
       0
       0
       0
       0
       0
       0
       0
       0
       0
       0
       0
       0
       0
       0
       0
       0
       0
       1
       0
       0
       0
       0
       0
       0
       0
       0
       0
       0
       0
       0
       0
       0
       0
       0
       0
       0
       1
       0
       0
       0
       0
       0
       0
       0
       0
       0
       0
       0
       0
       0
       0
       0
       0
       0
       0
       0
       0
       0
       0
       0
       0
       0
       0
       0
       0
       0
       0
       0
       0
       0
       0
       0
       0
       0
       0
       0
       0
       0
       0
       0
       0
       0
       0
       0
       0
       0
       0
       0
       0
       0
       0
       0
       0
       0
       0
       0
       0
       0
       0
       0
       0
       0
       0
       0
       0
       0
       0
       0
       0
       0
       0
       0
       0
       0
       1
       0
       0
       0
       0
       0
       0
       0
       0
       0
       0
       0
       0
       0
       0
       0
       0
       0
       0
       0
       0
       0
       0
       0
       0
       0
       0
       0
       0
       0
       0
       0
       0
       0
       0
       0
       0
       0
       0
       0
       0
       0
       0
       0
       0
       0
       0
       0
       0
       0
       0
       0
       0
       0
       0
       0
       0
       0
       0
       0
       0
       0
       0
       0
       0
       0
       0
       0
       0
       0
       0
       0
       0
       0
       0
       0
       0
       0
       0
       0
       0
       0
       0
       0
       0
$ROI:
1
298 384
$PRESETS:
Live Time
240
0
$ENER_FIT:
0.000000 0.000000
$MCA_CAL:
3
0.000000E+000 0.000000E+000 0.000000E+000 
$SHAPE_CAL:
3
0.000000E+000 0.000000E+000 0.000000E+000
