$SPEC_ID:
No sample description was entered.
$SPEC_REM:
DET# 1
DETDESC# LAB4D1 Easy-MCA-2k SN 14311467
AP# Maestro Version 7.01
$DATE_MEA:
11/21/2024 13:49:42
$MEAS_TIM:
240 247
$DATA:
0 2047
       0
       0
       0
       0
       0
       0
       0
       0
       0
       0
       0
       0
       0
       0
       0
       0
       0
       0
       0
       0
   24165
   36774
   26042
   17967
   12347
    8257
    5793
    4129
    2880
    2361
    1871
    1556
    1470
    1396
    1320
    1299
    1369
    1403
    1328
    1305
    1384
    1379
    1358
    1410
    1400
    1422
    1450
    1436
    1428
    1459
    1386
    1388
    1423
    1356
    1347
    1330
    1301
    1280
    1233
    1199
    1197
    1110
    1073
    1058
     975
     919
     852
     855
     761
     672
     632
     589
     559
     506
     450
     398
     393
     343
     324
     295
     229
     215
     207
     193
     170
     179
     141
     141
     119
     119
     112
     103
     105
      92
      90
      76
      79
      92
      67
      74
      68
      71
      66
      73
      69
      70
      66
      72
      60
      69
      82
      70
      73
      61
      62
      66
      68
      83
      82
      84
      85
      87
      82
      65
     112
      94
      95
     116
     112
     123
     128
     121
     127
     125
     146
     144
     160
     166
     170
     172
     161
     167
     159
     159
     142
     118
     125
     121
     131
      97
      76
      77
      89
      79
      69
      59
      51
      60
      47
      45
      52
      57
      50
      54
      50
      40
      37
      42
      29
      47
      33
      50
      35
      36
      35
      38
      29
      41
      37
      32
      31
      38
      33
      41
      39
      33
      41
      29
      32
      31
      30
      37
      28
      38
      27
      32
      31
      34
      35
      21
      34
      34
      32
      29
      37
      32
      31
      42
      34
      24
      31
      39
      18
      32
      37
      26
      30
      41
      29
      38
      36
      35
      28
      34
      36
      22
      27
      30
      31
      24
      31
      30
      25
      21
      29
      34
      32
      45
      32
      27
      25
      22
      27
      30
      36
      33
      35
      28
      21
      30
      26
      27
      31
      26
      19
      37
      25
      27
      32
      21
      27
      37
      39
      34
      23
      38
      22
      25
      31
      41
      30
      31
      33
      37
      44
      34
      34
      37
      30
      46
      48
      40
      61
      45
      44
      33
      42
      49
      50
      47
      33
      50
      39
      36
      68
      54
      47
      54
      45
      48
      47
      68
      53
      64
      54
      59
      49
      60
      53
      55
      68
      61
      70
      49
      75
      82
      93
      93
      92
     109
     114
     106
     134
     181
     182
     259
     267
     311
     439
     487
     567
     622
     756
     875
    1056
    1228
    1350
    1662
    1927
    2099
    2391
    2614
    2857
    3187
    3283
    3535
    3607
    3702
    3489
    3429
    3311
    3041
    2798
    2510
    2344
    1926
    1694
    1366
    1181
     975
     682
     556
     423
     334
     201
     151
     125
      92
      60
      56
      37
      20
      25
      11
       8
      12
       7
       6
       3
       6
       7
       2
       6
       5
       7
       6
       3
       3
       6
       4
       5
       3
       1
       5
       1
       2
       6
       2
       4
       3
       1
       1
       4
       1
       2
       3
       1
       3
       4
       2
       3
       2
       1
       0
       2
       2
       2
       1
       3
       1
       0
       1
       1
       3
       2
       1
       1
       4
       1
       2
       1
       0
       1
       3
       1
       0
       1
       3
       2
       5
       1
       1
       1
       1
       0
       1
       3
       1
       2
       1
       1
       1
       1
       4
       0
       1
       0
       3
       0
       0
       2
       2
       0
       0
       1
       2
       1
       1
       1
       1
       0
       1
       2
       0
       1
       0
       2
       1
       0
       0
       0
       0
       1
       2
       0
       2
       2
       0
       0
       0
       4
       0
       2
       3
       1
       0
       0
       1
       0
       0
       2
       0
       1
       1
       0
       2
       0
       2
       2
       0
       2
       0
       2
       2
       1
       0
       2
       2
       0
       1
       0
       1
       1
       1
       0
       2
       0
       0
       2
       0
       0
       3
       2
       2
       0
       2
       0
       1
       1
       2
       2
       0
       2
       0
       3
       0
       0
       6
       0
       1
       0
       2
       4
       2
       1
       3
       0
       2
       1
       0
       2
       0
       2
       5
       1
       1
       4
       2
       1
       5
       5
       5
       2
       4
       6
       2
       8
       4
       7
       5
       3
       3
       3
       6
       4
       3
       6
       3
       4
       1
       3
       3
       1
       0
       4
       3
       3
       2
       2
       1
       2
       3
       4
       4
       5
       0
       3
       4
       1
       3
       1
       1
       2
       2
       2
       1
       2
       2
       1
       2
       1
       1
       0
       1
       1
       2
       0
       0
       1
       0
       1
       0
       1
       0
       2
       0
       1
       1
       2
       2
       1
       1
       1
       1
       2
       2
       2
       0
       2
       1
       1
       0
       0
       0
       0
       0
       1
       0
       0
       0
       0
       2
       0
       0
       1
       1
       0
       1
       2
       1
       2
       1
       1
       1
       1
       0
       2
       1
       0
       2
       0
       3
       1
       2
       0
       4
       0
       1
       2
       3
       3
       0
       1
       1
       1
       2
       0
       1
       1
       1
       3
       0
       0
       0
       2
       0
       1
       0
       2
       1
       0
       0
       1
       0
       0
       0
       0
       0
       0
       0
       0
       3
       0
       1
       0
       0
       0
       1
       0
       1
       0
       0
       0
       0
       3
       0
       0
       0
       1
       0
       0
       1
       0
       1
       1
       0
       0
       1
       0
       0
       1
       0
       0
       0
       0
       0
       0
       0
       0
       0
       0
       0
       0
       0
       3
       1
       0
       0
       1
       0
       0
       0
       0
       0
       0
       0
       0
       0
       0
       0
       0
       0
       0
       0
       0
       0
       0
       0
       1
       0
       0
       0
       0
       0
       0
       1
       1
       0
       0
       0
       0
       0
       0
       0
       0
       0
       0
       0
       0
       0
       0
       0
       1
       0
       0
       0
       0
       0
       0
       0
       0
       0
       0
       0
       0
       0
       0
       0
       0
       0
       1
       1
       1
       0
       0
       0
       0
       1
       1
       0
       0
       0
       0
       0
       1
       0
       0
       0
       0
       1
       0
       0
       0
       0
       0
       0
       0
       0
       0
       0
       0
       1
       0
       0
       0
       0
       0
       0
       0
       0
       0
       0
       0
       0
       1
       0
       0
       0
       0
       1
       1
       0
       0
       0
       1
       0
       0
       0
       0
       0
       0
       0
       0
       0
       0
       0
       0
       0
       0
       1
       0
       0
       0
       0
       0
       0
       0
       0
       0
       1
       0
       0
       0
       0
       0
       0
       0
       0
       0
       0
       0
       1
       0
       0
       0
       0
       0
       0
       0
       0
       0
       0
       1
       0
       0
       0
       0
       0
       0
       0
       0
       0
       1
       0
       0
       0
       0
       0
       0
       0
       1
       0
       0
       0
       0
       0
       0
       0
       0
       0
       0
       0
       1
       0
       0
       0
       0
       0
       0
       1
       0
       0
       0
       0
       1
       0
       0
       0
       0
       1
       0
       0
       1
       0
       0
       0
       0
       0
       0
       0
       0
       0
       1
       0
       0
       0
       0
       0
       1
       0
       1
       0
       0
       0
       0
       0
       0
       0
       0
       0
       0
       0
       0
       0
       0
       0
       0
       0
       0
       0
       0
       0
       1
       0
       0
       0
       0
       0
       0
       0
       0
       1
       0
       0
       0
       0
       0
       0
       1
       0
       0
       0
       1
       0
       0
       1
       0
       0
       0
       1
       0
       0
       0
       0
       0
       0
       0
       0
       0
       0
       0
       0
       0
       0
       0
       0
       0
       1
       0
       0
       0
       0
       0
       0
       0
       0
       0
       0
       1
       0
       0
       0
       0
       0
       0
       0
       1
       0
       0
       0
       0
       0
       0
       0
       0
       0
       0
       0
       0
       0
       0
       0
       0
       0
       0
       0
       0
       0
       0
       0
       0
       0
       0
       0
       1
       0
       0
       0
       0
       1
       0
       0
       0
       1
       0
       0
       1
       0
       0
       0
       0
       0
       0
       0
       0
       0
       0
       0
       0
       0
       1
       0
       0
       0
       0
       0
       0
       0
       0
       0
       0
       0
       0
       0
       0
       0
       0
       0
       0
       0
       0
       0
       0
       0
       0
       0
       0
       0
       0
       0
       0
       0
       0
       0
       0
       0
       0
       0
       0
       0
       0
       1
       0
       0
       0
       0
       0
       0
       0
       0
       0
       0
       0
       0
       0
       0
       0
       0
       0
       0
       1
       0
       0
       0
       1
       0
       0
       0
       0
       0
       1
       1
       0
       0
       0
       0
       0
       0
       0
       0
       0
       0
       0
       0
       0
       0
       0
       0
       0
       0
       0
       0
       0
       0
       0
       0
       0
       0
       0
       0
       0
       0
       0
       0
       0
       0
       0
       0
       0
       0
       0
       0
       0
       0
       0
       0
       0
       0
       0
       0
       0
       0
       0
       0
       1
       0
       0
       0
       0
       0
       0
       0
       0
       0
       0
       0
       0
       0
       0
       0
       0
       0
       1
       0
       0
       0
       0
       0
       0
       0
       0
       0
       0
       0
       0
       0
       0
       0
       0
       0
       0
       0
       0
       0
       0
       0
       0
       0
       0
       0
       0
       0
       0
       0
       0
       0
       0
       0
       0
       0
       0
       1
       0
       0
       0
       0
       0
       0
       0
       0
       0
       0
       0
       0
       0
       0
       0
       0
       0
       0
       1
       0
       0
       0
       0
       0
       0
       0
       0
       0
       0
       0
       0
       0
       0
       1
       0
       0
       0
       0
       0
       0
       0
       0
       0
       0
       0
       0
       0
       0
       0
       0
       0
       0
       0
       0
       0
       0
       0
       0
       0
       0
       0
       0
       0
       0
       0
       1
       0
       0
       0
       0
       0
       0
       0
       0
       0
       0
       0
       0
       0
       0
       0
       0
       0
       0
       0
       0
       0
       0
       0
       0
       0
       0
       0
       0
       0
       0
       0
       0
       0
       0
       0
       0
       1
       0
       0
       0
       0
       0
       0
       0
       0
       0
       0
       0
       0
       0
       0
       0
       0
       0
       0
       0
       0
       0
       0
       0
       0
       0
       0
       0
       0
       0
       0
       0
       0
       0
       1
       0
       0
       0
       0
       0
       0
       0
       0
       0
       1
       0
       0
       0
       0
       0
       0
       0
       0
       0
       0
       0
       0
       0
       0
       0
       0
       0
       0
       0
       0
       0
       0
       0
       0
       0
       0
       0
       0
       0
       0
       0
       0
       0
       0
       0
       0
       0
       0
       0
       0
       0
       0
       0
       0
       0
       0
       0
       0
       0
       0
       0
       0
       0
       0
       0
       0
       0
       0
       0
       0
       0
       0
       0
       0
       0
       0
       0
       0
       0
       0
       0
       0
       0
       0
       0
       0
       0
       0
       0
       0
       0
       0
       0
       0
       0
       0
       0
       0
       0
       0
       0
       0
       0
       0
       0
       0
       0
       0
       0
       0
       0
       0
       0
       0
       0
       0
       0
       0
       0
       1
       0
       0
       0
       0
       0
       0
       1
       0
       0
       0
       0
       0
       0
       0
       1
       0
       0
       0
       0
       0
       0
       0
       0
       0
       0
       1
       1
       0
       0
       0
       0
       0
       0
       0
       0
       0
       0
       0
       0
       0
       0
       0
       0
       0
       0
       0
       0
       0
       0
       0
       0
       0
       0
       0
       0
       0
       0
       0
       0
       0
       0
       0
       0
       0
       0
       0
       0
       0
       0
       0
       0
       0
       0
       0
       0
       0
       0
       0
       0
       0
       0
       0
       0
       0
       0
       0
       0
       0
       0
       0
       0
       0
       0
       0
       0
       0
       0
       0
       0
       0
       0
       0
       0
       0
       0
       0
       0
       0
       0
       0
       0
       0
       0
       0
       0
       0
       0
       0
       0
       0
       0
       0
       0
       0
       0
       0
       0
       0
       0
       0
       0
       0
       0
       0
       0
       0
       0
       0
       0
       0
       0
       0
       0
       0
       0
       0
       0
       0
       0
       0
       0
       0
       0
       0
       0
       0
       0
       0
       0
       0
       0
       0
       0
       0
       0
       1
       0
       0
       0
       0
       0
       0
       0
       0
       0
       0
       0
       0
       1
       0
       0
       0
       0
       0
       0
       0
       0
       0
       0
       0
       0
       0
       0
       0
       0
       0
       0
       0
       0
       0
       0
       0
       0
       0
       0
       0
       0
       0
       0
       0
       0
       0
       0
       0
       0
       0
       0
       0
       0
       0
       0
       0
       0
       0
       0
       0
       0
       0
       0
       0
       0
       0
       0
       0
       0
       0
       0
       0
       0
       0
       0
       0
       0
       0
       0
       0
       0
       0
       0
       0
       0
       1
       0
       0
       0
       0
       0
       0
       0
       0
       0
       0
       0
       0
       0
       0
       0
       0
       0
       0
       0
       0
       0
       0
       0
       0
       0
       0
       0
       1
       0
       0
       0
       0
       0
       0
       0
       0
       0
       0
       0
       0
       0
       0
       0
       0
       0
       0
       0
       0
       0
       0
       0
       0
       0
       0
       0
       0
       0
       0
       0
       0
       0
       0
       0
       0
       0
       0
       0
       0
       0
       0
       0
       0
       0
       0
       0
       0
       0
       0
       0
       0
       0
       0
       0
       0
       0
       0
       0
       0
       0
       0
       0
       0
       0
       0
       0
       0
       0
       0
       0
       0
       0
       1
       0
       0
       0
       0
       0
       0
       0
       0
       0
       0
       0
       0
       0
       0
       0
       0
       0
       0
       0
       0
       0
       0
       0
       0
       0
       0
       0
       0
       0
       0
       0
       0
       0
       0
       0
       0
       0
       0
       0
       0
       0
       0
       0
       0
       0
       0
       0
       0
       0
       0
       0
       0
       0
       0
       0
       0
       0
       0
       0
       0
       0
       0
       0
       0
       0
       0
       0
       0
       0
       0
       0
       0
       0
       0
       0
       0
       0
       0
       1
       0
       0
       0
       0
       0
       0
       0
       0
       0
       0
       0
       0
       0
       0
       0
       0
       0
       0
       0
       0
       0
       0
       0
       0
       0
       0
       0
       0
       0
       0
       0
       0
       0
       0
       0
       0
$ROI:
1
298 384
$PRESETS:
Live Time
240
0
$ENER_FIT:
0.000000 0.000000
$MCA_CAL:
3
0.000000E+000 0.000000E+000 0.000000E+000 
$SHAPE_CAL:
3
0.000000E+000 0.000000E+000 0.000000E+000
