$SPEC_ID:
No sample description was entered.
$SPEC_REM:
DET# 1
DETDESC# LAB4D1 Easy-MCA-2k SN 14311467
AP# Maestro Version 7.01
$DATE_MEA:
11/21/2024 13:33:51
$MEAS_TIM:
240 258
$DATA:
0 2047
       0
       0
       0
       0
       0
       0
       0
       0
       0
       0
       0
       0
       0
       0
       0
       0
       0
       0
       0
       0
   24918
   39171
   29266
   22032
   16447
   13009
   10581
    8872
    8091
    7352
    6953
    6711
    6703
    6707
    6697
    6822
    6788
    6882
    6880
    6948
    7246
    7109
    7398
    7333
    7622
    7615
    7562
    7593
    7398
    7360
    7259
    7168
    6986
    6802
    6573
    6365
    6179
    6035
    5849
    5564
    5292
    4976
    4638
    4330
    4366
    3994
    3718
    3700
    3246
    3032
    2829
    2555
    2361
    2139
    2042
    1746
    1621
    1469
    1277
    1177
    1004
    1024
     897
     774
     743
     726
     676
     580
     624
     608
     621
     633
     627
     655
     700
     678
     711
     706
     755
     777
     793
     798
     750
     756
     783
     764
     703
     662
     666
     625
     621
     552
     548
     506
     543
     552
     540
     547
     530
     508
     517
     544
     574
     550
     596
     566
     527
     550
     587
     590
     549
     545
     586
     564
     568
     587
     550
     604
     600
     558
     556
     579
     616
     577
     568
     598
     588
     575
     571
     567
     567
     555
     532
     503
     495
     460
     431
     406
     415
     374
     348
     331
     290
     269
     230
     228
     206
     195
     181
     171
     176
     187
     141
     165
     146
     145
     151
     128
     141
     135
     161
     125
     133
     132
     153
     151
     158
     145
     145
     163
     153
     155
     136
     155
     162
     152
     155
     145
     148
     129
     133
     124
     141
     140
     114
     116
     133
     137
     116
     119
     130
     109
      97
     119
     125
     108
     132
     112
     101
     102
      99
     115
     109
     108
     107
     121
     111
     123
     106
      95
     108
     103
     107
     101
      98
     113
     120
     112
     107
     118
      94
     120
      97
     108
     125
     139
     125
     119
     124
     129
     131
     146
     142
     110
     142
     123
     158
     153
     130
     116
     130
     134
     148
     116
     115
     155
     113
     113
     154
     122
     165
     147
     152
     161
     150
     168
     187
     156
     169
     189
     171
     197
     202
     233
     217
     208
     226
     227
     226
     269
     237
     233
     253
     238
     295
     258
     251
     287
     285
     259
     273
     289
     313
     321
     275
     311
     310
     326
     285
     327
     339
     341
     365
     369
     387
     377
     423
     456
     470
     543
     572
     679
     705
     779
     917
    1057
    1224
    1476
    1704
    1949
    2314
    2746
    3177
    3895
    4508
    5392
    6164
    7099
    8234
    9324
   10384
   11484
   12585
   13626
   14588
   14981
   15391
   15427
   15058
   14645
   14033
   13315
   12049
   10838
    9416
    8237
    7053
    5844
    4817
    3836
    3171
    2377
    1902
    1492
    1113
     880
     628
     452
     371
     284
     214
     182
     158
     144
     127
     114
     105
     109
     110
     110
      94
      97
      87
      78
      75
      73
      84
      64
      78
      67
      73
      81
      71
      63
      66
      52
      55
      61
      59
      55
      63
      49
      33
      43
      45
      42
      47
      27
      32
      30
      33
      32
      33
      17
      20
      29
      27
      13
      16
      19
      23
      15
      17
      14
      18
       6
      13
       9
      19
      18
      16
      14
      10
      20
      10
      18
      15
      19
      15
      15
      15
      17
      13
      18
      20
      15
      14
      10
      17
      13
       8
      25
      12
      17
      12
      17
      18
      16
      17
      12
      11
       9
      16
      13
      13
      13
      16
      12
      15
      14
      14
      15
      17
      15
      16
      15
      14
      12
       8
      11
       9
      16
      12
      14
       8
      13
       8
      10
      11
      14
      10
      13
      10
      14
      11
      11
      17
      14
      14
       9
      19
      11
      14
       8
       9
       9
       6
       4
      16
      12
      11
      20
      15
      11
      10
      12
      13
       6
       6
       9
       7
       7
       8
       9
       9
      10
       5
       7
       6
      10
      16
       9
      10
       8
      10
      11
      11
       9
      11
      11
       9
      11
       6
       7
       8
       7
       5
       5
      12
       7
       9
       7
      11
      11
       7
      18
      14
       9
       9
      10
      12
       7
       7
      10
      11
      10
       9
      10
      13
      15
       6
      13
      24
      16
      15
      16
      14
      16
      12
      11
      11
      13
      16
      17
       9
      12
      18
      11
      14
       7
      16
      16
      16
       7
      16
       9
      18
      12
      12
      11
      16
      15
      13
      16
      17
       9
      15
      13
      11
      11
       8
      13
       4
       7
       8
      13
      14
       8
      17
       8
       7
      13
      12
       8
      10
       8
      15
      10
      12
       9
      17
       8
      17
      15
       4
      11
       6
      15
      13
      20
      12
      13
       8
       8
      16
       9
      10
      10
       8
      13
      14
      11
      23
      10
      12
      16
       7
      16
      11
       9
      13
      13
      16
      13
      19
      15
      10
      13
      19
      19
      18
      21
      15
      14
      13
      19
      10
      14
      19
      16
      25
      22
      20
      29
      22
      22
      28
      22
      22
      20
      29
      24
      24
      24
      22
      20
      15
      23
      13
      14
       8
       6
      11
      11
       5
       2
       5
       6
       2
       4
       3
       2
       1
       1
       0
       0
       0
       1
       0
       0
       0
       0
       1
       1
       1
       0
       0
       0
       1
       1
       1
       1
       0
       1
       1
       3
       1
       1
       0
       0
       1
       0
       1
       0
       1
       0
       1
       0
       0
       0
       0
       0
       0
       1
       0
       1
       1
       0
       0
       0
       2
       0
       0
       1
       0
       0
       0
       0
       0
       1
       0
       0
       1
       0
       0
       0
       0
       0
       0
       0
       0
       0
       1
       0
       0
       0
       0
       0
       0
       0
       0
       1
       1
       0
       1
       0
       0
       0
       0
       0
       0
       1
       0
       1
       0
       0
       0
       0
       0
       2
       0
       1
       0
       0
       0
       0
       2
       1
       0
       0
       0
       0
       0
       0
       0
       0
       0
       1
       1
       0
       0
       0
       1
       0
       0
       0
       0
       2
       0
       1
       0
       1
       1
       1
       0
       0
       0
       0
       0
       0
       0
       0
       0
       0
       1
       0
       0
       0
       0
       0
       0
       1
       0
       0
       0
       1
       0
       0
       0
       0
       1
       0
       0
       1
       0
       0
       0
       0
       0
       0
       0
       0
       0
       1
       1
       1
       0
       0
       0
       0
       1
       0
       3
       0
       0
       0
       1
       0
       0
       0
       0
       1
       0
       1
       0
       0
       0
       0
       0
       1
       0
       0
       0
       1
       1
       0
       0
       0
       0
       0
       0
       1
       0
       1
       0
       1
       0
       0
       1
       2
       0
       1
       2
       1
       0
       0
       0
       0
       1
       1
       0
       0
       1
       0
       0
       0
       0
       0
       0
       0
       0
       0
       0
       0
       0
       0
       0
       0
       0
       0
       0
       0
       1
       0
       0
       0
       0
       1
       0
       2
       0
       0
       0
       0
       1
       0
       0
       1
       0
       0
       0
       1
       1
       0
       0
       1
       0
       0
       0
       0
       0
       0
       0
       0
       0
       0
       0
       0
       0
       0
       0
       0
       0
       0
       1
       0
       1
       0
       0
       1
       1
       0
       1
       0
       0
       0
       1
       1
       0
       0
       0
       0
       0
       0
       0
       0
       0
       0
       0
       0
       2
       1
       0
       0
       0
       0
       0
       0
       0
       0
       0
       0
       0
       0
       0
       0
       0
       0
       0
       0
       1
       0
       0
       0
       0
       0
       0
       0
       0
       1
       0
       0
       0
       0
       0
       0
       0
       1
       0
       0
       0
       1
       1
       0
       0
       0
       1
       0
       0
       0
       0
       0
       0
       0
       0
       0
       0
       0
       0
       1
       0
       0
       0
       0
       0
       0
       1
       0
       0
       0
       0
       0
       0
       0
       0
       0
       0
       0
       0
       0
       0
       0
       0
       0
       0
       0
       0
       0
       0
       0
       0
       0
       0
       0
       0
       0
       0
       0
       0
       0
       0
       0
       0
       0
       0
       1
       0
       0
       1
       0
       0
       0
       0
       0
       0
       1
       0
       0
       0
       0
       0
       0
       0
       0
       0
       0
       0
       0
       0
       1
       0
       0
       0
       0
       0
       0
       0
       1
       0
       0
       0
       0
       0
       0
       0
       1
       0
       0
       0
       0
       0
       0
       0
       0
       0
       0
       0
       0
       0
       0
       0
       1
       0
       0
       0
       0
       0
       0
       0
       0
       0
       0
       0
       0
       0
       1
       0
       0
       0
       0
       0
       1
       0
       0
       0
       0
       0
       0
       0
       0
       0
       0
       0
       0
       0
       0
       1
       0
       0
       0
       0
       0
       0
       0
       0
       0
       0
       1
       0
       0
       0
       0
       0
       0
       0
       0
       0
       0
       0
       0
       0
       0
       0
       0
       0
       0
       0
       0
       0
       0
       0
       0
       0
       0
       0
       0
       0
       0
       0
       0
       0
       0
       0
       0
       0
       0
       0
       1
       0
       0
       0
       0
       0
       0
       0
       0
       0
       0
       0
       0
       2
       0
       0
       0
       0
       0
       0
       0
       0
       0
       0
       0
       0
       0
       0
       0
       0
       0
       0
       0
       0
       0
       0
       0
       0
       0
       0
       0
       0
       0
       0
       0
       0
       0
       0
       0
       0
       0
       0
       0
       0
       0
       0
       0
       0
       0
       0
       0
       0
       0
       0
       0
       0
       0
       0
       0
       0
       1
       0
       0
       0
       0
       1
       1
       0
       0
       0
       0
       1
       0
       0
       0
       0
       0
       0
       0
       0
       0
       0
       0
       0
       0
       0
       0
       0
       0
       0
       0
       0
       0
       0
       0
       0
       0
       0
       0
       0
       0
       0
       0
       0
       0
       0
       0
       0
       0
       0
       0
       0
       0
       0
       0
       0
       1
       0
       0
       0
       0
       0
       0
       0
       0
       0
       0
       0
       0
       0
       0
       1
       0
       0
       0
       0
       0
       0
       0
       0
       0
       0
       0
       0
       0
       0
       0
       0
       0
       0
       0
       0
       1
       0
       0
       0
       0
       0
       0
       0
       1
       0
       1
       0
       0
       0
       0
       0
       0
       0
       0
       0
       0
       1
       0
       0
       0
       0
       0
       0
       1
       0
       0
       0
       0
       0
       0
       0
       0
       0
       0
       0
       0
       0
       0
       0
       0
       0
       0
       0
       0
       1
       0
       0
       0
       0
       0
       0
       0
       1
       0
       0
       0
       0
       0
       0
       0
       0
       0
       0
       0
       0
       0
       0
       0
       1
       0
       0
       0
       0
       0
       0
       1
       0
       0
       0
       0
       1
       0
       0
       0
       0
       0
       0
       1
       0
       0
       0
       0
       0
       0
       0
       0
       0
       0
       0
       0
       0
       0
       0
       0
       0
       0
       0
       0
       0
       0
       0
       1
       0
       0
       0
       0
       0
       1
       0
       0
       0
       0
       0
       0
       0
       0
       0
       0
       0
       0
       0
       1
       0
       0
       0
       1
       0
       0
       0
       0
       0
       0
       0
       0
       0
       0
       0
       0
       0
       0
       0
       0
       0
       0
       0
       0
       1
       0
       0
       0
       0
       0
       0
       0
       0
       1
       0
       0
       0
       0
       0
       0
       0
       1
       0
       0
       0
       0
       0
       0
       0
       0
       0
       0
       0
       1
       1
       0
       0
       1
       0
       0
       0
       0
       0
       0
       0
       0
       0
       0
       0
       0
       0
       0
       0
       0
       1
       0
       0
       0
       0
       0
       0
       0
       0
       0
       0
       0
       0
       0
       0
       0
       0
       0
       0
       0
       0
       0
       0
       0
       0
       0
       0
       0
       0
       0
       0
       0
       0
       0
       0
       0
       0
       0
       0
       0
       0
       0
       1
       0
       0
       0
       0
       0
       0
       0
       0
       0
       0
       0
       0
       0
       0
       0
       0
       0
       0
       0
       0
       0
       1
       0
       0
       0
       0
       0
       0
       0
       0
       0
       1
       0
       0
       0
       0
       0
       0
       0
       0
       0
       0
       0
       0
       1
       0
       0
       0
       0
       0
       0
       0
       0
       0
       0
       0
       0
       0
       0
       0
       0
       0
       0
       0
       0
       0
       0
       0
       0
       0
       0
       0
       0
       0
       0
       0
       0
       0
       0
       0
       0
       0
       0
       0
       0
       0
       0
       0
       0
       0
       0
       0
       0
       0
       0
       0
       0
       0
       0
       0
       0
       0
       0
       0
       0
       0
       0
       0
       0
       0
       0
       0
       0
       0
       0
       0
       0
       0
       0
       0
       0
       0
       0
       0
       0
       0
       0
       0
       0
       0
       0
       0
       0
       0
       0
       0
       0
       0
       0
       0
       0
       0
       0
       0
       0
       0
       0
       0
       0
       0
       0
       0
       0
       0
       0
       0
       0
       0
       0
       0
       0
       0
       0
       0
       0
       0
       0
       0
       0
       0
       0
       0
       0
       0
       0
       0
       0
       0
       0
       0
       0
       0
       0
       0
       0
       0
       0
       0
       0
       1
       0
       0
       0
       0
       0
       0
       0
       0
       0
       0
       0
       0
       0
       0
       0
       0
       0
       0
       0
       0
       0
       0
       0
       0
       0
       0
       0
       0
       0
       0
       0
       0
       0
       0
       0
       0
       0
       0
       0
       1
       0
       0
       0
       0
       0
       0
       0
       0
       0
       0
       0
       0
       0
       0
       0
       0
       0
       0
       0
       0
       0
       0
       0
       0
       0
       0
       0
       0
       0
       0
       0
       0
       0
       0
       0
       0
       0
       0
       0
       0
       0
       0
       0
       0
       0
       0
       0
       0
       0
       0
       0
       0
       0
       0
       0
       0
       0
       0
       0
       0
       0
       0
       0
       0
       0
       0
       0
       0
       0
       0
       0
       0
       0
       0
       0
       0
       0
       0
       0
       0
       0
       0
       0
       0
       0
       0
       0
       0
       0
       0
       0
       0
       0
       0
       0
       0
       0
       0
       0
       0
       0
       0
       0
       0
       0
       0
       0
       0
       0
       0
       0
       0
       0
       0
       0
       0
       0
       0
       0
       0
       0
       0
       0
       0
       0
$ROI:
0
$PRESETS:
Live Time
240
0
$ENER_FIT:
0.000000 0.000000
$MCA_CAL:
3
0.000000E+000 0.000000E+000 0.000000E+000 
$SHAPE_CAL:
3
0.000000E+000 0.000000E+000 0.000000E+000
